% Output from Fortran program  bulk_v25b.f, with both cool-skin and warm-layer 
% turned OFF, and using input file test2_5b.dat with COARE data
% index     xtime       hsb   hlb    tub    ts     HF     EF     TAU    T0    Webb  RainF rain dt_cool dt_warm tk_pwp
   1   921125132100.    6.  111.   .030  29.15      9.  125.   .030  29.15      5.    0.    .0     .00    .00  19.00
   2   921125141200.    5.   96.   .023  29.15      8.  108.   .023  29.15      4.    0.    .0     .00    .00  19.00
   3   921125150300.    5.   98.   .024  29.15      7.  110.   .025  29.15      4.    0.    .0     .00    .00  19.00
   4   921125155500.    5.  110.   .029  29.15      8.  124.   .029  29.15      5.    0.    .0     .00    .00  19.00
   5   921125164600.    4.   92.   .019  29.16      7.  104.   .019  29.16      4.    0.    .0     .00    .00  19.00
   6   921125173800.    9.  123.   .036  29.16     13.  138.   .035  29.16      6.    0.    .0     .00    .00  19.00
   7   921125182900.    4.   61.   .009  29.16      6.   70.   .009  29.16      3.    0.    .0     .00    .00  19.00
   8   921125192000.    4.   89.   .019  29.15      6.   99.   .019  29.15      4.    0.    .0     .00    .00  19.00
   9   921125201200.    4.  113.   .030  29.14      7.  125.   .030  29.14      5.    0.    .0     .00    .00  19.00
  10   921125210500.    5.   84.   .021  29.13      7.   93.   .020  29.13      4.    0.    .0     .00    .00  19.00
  11   921125221900.    5.  113.   .028  29.14      7.  121.   .028  29.14      4.    0.    .0     .00    .00  19.00
  12   921125232700.    6.  124.   .036  29.14      7.  128.   .036  29.14      5.    0.    .0     .00    .00  19.00
  13   921126001900.    6.  106.   .026  29.20      6.  108.   .025  29.20      4.    0.    .0     .00    .00  19.00
  14   921126011000.    5.   90.   .022  29.27      6.   93.   .021  29.27      4.    0.    .0     .00    .00  19.00
  15   921126022200.    4.  123.   .030  29.26      4.  121.   .030  29.26      4.    0.    .0     .00    .00  19.00
  16   921126031300.    5.  119.   .030  29.42      6.  123.   .030  29.42      4.    0.    .0     .00    .00  19.00
  17   921126041600.    4.  104.   .025  29.59      6.  110.   .024  29.59      4.    0.    .0     .00    .00  19.00
  18   921126050700.    3.   94.   .025  29.59      5.  103.   .025  29.59      4.    0.    .0     .00    .00  19.00
  19   921126055900.    2.   90.   .024  29.50      5.  103.   .025  29.50      4.    0.    .0     .00    .00  19.00
  20   921126065500.    2.   96.   .022  29.37      4.  107.   .022  29.37      4.    0.    .0     .00    .00  19.00
  21   921126074700.    1.   93.   .020  29.37      4.  106.   .020  29.37      4.    0.    .0     .00    .00  19.00
  22   921126083800.    1.   78.   .014  29.35      3.   86.   .014  29.35      3.    0.    .0     .00    .00  19.00
  23   921126093000.    1.   56.   .007  29.39      2.   63.   .007  29.39      2.    0.    .0     .00    .00  19.00
  24   921126102100.    1.   50.   .006  29.45      3.   58.   .006  29.45      2.    0.    .0     .00    .00  19.00
  25   921126111200.    1.   51.   .006  29.42      3.   58.   .006  29.42      2.    0.    .0     .00    .00  19.00
  26   921126120800.    1.   60.   .009  29.42      3.   70.   .009  29.42      3.    0.    .0     .00    .00  19.00
  27   921126130000.    2.   71.   .012  29.35      4.   79.   .012  29.35      3.    0.    .0     .00    .00  19.00
  28   921126145300.    3.   58.   .011  29.41      5.   68.   .010  29.41      3.    0.    .0     .00    .00  19.00
  29   921126154500.    4.   65.   .012  29.31      6.   74.   .013  29.31      3.    0.    .0     .00    .00  19.00
  30   921126163600.    4.   68.   .013  29.29      6.   76.   .013  29.29      3.    0.    .0     .00    .00  19.00
  31   921126172700.    2.   57.   .009  29.27      4.   66.   .009  29.27      3.    0.    .0     .00    .00  19.00
  32   921126181900.    2.   47.   .006  29.26      4.   55.   .006  29.26      2.    0.    .0     .00    .00  19.00
  33   921126191000.    2.   36.   .003  29.27      3.   41.   .002  29.27      2.    0.    .0     .00    .00  19.00
  34   921126200100.    1.   30.   .002  29.27      2.   35.   .002  29.27      1.    0.    .0     .00    .00  19.00
  35   921126213400.    2.   31.   .002  29.29      2.   34.   .001  29.29      1.    0.    .0     .00    .00  19.00
  36   921126222600.    5.   55.   .007  29.38      7.   61.   .007  29.38      3.    0.    .0     .00    .00  19.00
  37   921126231700.   39.  182.   .093  29.31     43.  198.   .093  29.31     12.   26.   4.8     .00    .00  19.00
  38   921127000900.   30.  175.   .064  29.33     33.  186.   .063  29.33     10.    0.    .0     .00    .00  19.00
  39   921127010000.   19.  160.   .048  29.33     22.  171.   .048  29.33      8.    0.    .0     .00    .00  19.00
  40   921127015100.   14.  129.   .032  29.33     16.  138.   .032  29.33      6.    0.    .0     .00    .00  19.00
  41   921127024300.   12.  118.   .029  29.36     15.  130.   .028  29.36      6.    0.    .0     .00    .00  19.00
  42   921127033400.   15.  129.   .037  29.25     18.  140.   .038  29.25      7.    0.    .0     .00    .00  19.00
  43   921127042500.   35.  161.   .070  29.23     39.  177.   .070  29.23     11.   50.   9.4     .00    .00  19.00
  44   921127051700.   32.  154.   .048  29.23     36.  169.   .048  29.23     10.    9.   1.6     .00    .00  19.00
  45   921127060800.   54.  227.   .154  29.24     60.  248.   .155  29.24     16.    9.   1.5     .00    .00  19.00
  46   921127070000.   29.  137.   .040  29.22     33.  152.   .040  29.22      9.    0.    .0     .00    .00  19.00
  47   921127075100.   16.  121.   .027  29.22     20.  135.   .027  29.22      6.    0.    .0     .00    .00  19.00
  48   921127084200.   10.  112.   .020  29.16     13.  123.   .020  29.16      5.    0.    .0     .00    .00  19.00
  49   921127093400.    7.  102.   .016  29.15      9.  112.   .016  29.15      4.    0.    .0     .00    .00  19.00
  50   921127102500.    6.  113.   .021  29.14      9.  126.   .021  29.14      4.    0.    .0     .00    .00  19.00
  51   921127113200.    7.  132.   .034  29.14     11.  147.   .034  29.14      6.    0.    .0     .00    .00  19.00
  52   921127122600.    8.  147.   .048  29.12     12.  163.   .047  29.12      6.    0.    .0     .00    .00  19.00
  53   921127134800.    7.  105.   .033  29.11     10.  118.   .032  29.11      5.    0.    .0     .00    .00  19.00
  54   921127143900.    7.  110.   .036  29.10     10.  123.   .036  29.10      5.    0.    .0     .00    .00  19.00
  55   921127160400.    7.  126.   .039  29.13     10.  140.   .039  29.13      5.    0.    .0     .00    .00  19.00
  56   921127170000.    5.  102.   .026  29.14      8.  115.   .026  29.14      4.    0.    .0     .00    .00  19.00
  57   921127175200.    4.   89.   .020  29.12      7.  100.   .020  29.12      4.    0.    .0     .00    .00  19.00
  58   921127184300.    4.   75.   .013  29.12      6.   85.   .013  29.12      3.    0.    .0     .00    .00  19.00
  59   921127193500.    3.   69.   .012  29.12      5.   78.   .012  29.12      3.    0.    .0     .00    .00  19.00
  60   921127202600.    2.   54.   .007  29.12      4.   61.   .007  29.12      2.    0.    .0     .00    .00  19.00
  61   921127211700.    3.   54.   .006  29.12      4.   57.   .006  29.12      2.    0.    .0     .00    .00  19.00
  62   921127220900.    3.   52.   .005  29.13      4.   53.   .004  29.13      2.    0.    .0     .00    .00  19.00
  63   921127230000.    5.   53.   .004  29.14      4.   49.   .004  29.14      2.    0.    .0     .00    .00  19.00
  64   921127235200.    7.   56.   .003  29.16      4.   44.   .003  29.16      2.    0.    .0     .00    .00  19.00
  65   921128004300.    8.   63.   .003  29.14      4.   44.   .003  29.14      2.    0.    .0     .00    .00  19.00
  66   921128022100.    9.   74.   .005  29.17      4.   50.   .004  29.17      2.    0.    .0     .00    .00  19.00
  67   921128042600.    6.   66.   .004  29.27      2.   44.   .003  29.27      2.    0.    .0     .00    .00  19.00
  68   921128043600.    5.   69.   .004  29.47      2.   50.   .003  29.47      2.    0.    .0     .00    .00  19.00
  69   921128052800.    3.   51.   .002  29.23      0.   36.   .001  29.23      1.    0.    .0     .00    .00  19.00
  70   921128061900.    2.   44.   .002  29.44      1.   34.   .001  29.44      1.    0.    .0     .00    .00  19.00
  71   921128075200.    2.   50.   .003  29.27      1.   42.   .003  29.27      1.    0.    .0     .00    .00  19.00
  72   921128084300.    2.   45.   .003  29.30      1.   39.   .002  29.30      1.    0.    .0     .00    .00  19.00
  73   921128093500.    4.   71.   .010  29.30      3.   68.   .009  29.30      2.    0.    .0     .00    .00  19.00
  74   921128102600.    2.   56.   .005  29.35      2.   59.   .005  29.35      2.    0.    .0     .00    .00  19.00
  75   921128111800.    1.   42.   .002  29.24      1.   42.   .002  29.24      1.    0.    .0     .00    .00  19.00
  76   921128120900.    3.   61.   .011  29.30      5.   67.   .011  29.30      3.    0.    .0     .00    .00  19.00
  77   921128130100.    3.   56.   .008  29.56      5.   63.   .007  29.56      3.    0.    .0     .00    .00  19.00
  78   921128135200.    2.   47.   .004  29.56      4.   55.   .004  29.56      2.    0.    .0     .00    .00  19.00
  79   921128144400.    2.   44.   .004  29.29      3.   48.   .004  29.29      2.    0.    .0     .00    .00  19.00
  80   921128153500.    2.   52.   .006  29.26      3.   58.   .006  29.26      2.    0.    .0     .00    .00  19.00
  81   921128162600.    2.   57.   .007  29.26      4.   66.   .007  29.26      2.    0.    .0     .00    .00  19.00
  82   921128171800.    2.   56.   .008  29.19      4.   64.   .008  29.19      2.    0.    .0     .00    .00  19.00
  83   921128180900.    2.   48.   .006  29.13      3.   55.   .006  29.13      2.    0.    .0     .00    .00  19.00
  84   921128190100.    2.   58.   .008  29.18      4.   65.   .008  29.18      2.    0.    .0     .00    .00  19.00
  85   921128195200.    2.   55.   .007  29.17      3.   62.   .007  29.17      2.    0.    .0     .00    .00  19.00
  86   921128204400.    2.   49.   .005  29.17      3.   54.   .004  29.17      2.    0.    .0     .00    .00  19.00
  87   921128213500.    3.   59.   .006  29.40      4.   62.   .006  29.40      2.    0.    .0     .00    .00  19.00
  88   921128222600.    6.   46.   .003  29.52      6.   46.   .003  29.52      2.    0.    .0     .00    .00  19.00
  89   921128231800.    6.   48.   .003  29.52      5.   44.   .003  29.52      2.    0.    .0     .00    .00  19.00
  90   921129000900.    7.   47.   .002  29.58      5.   36.   .001  29.58      2.    0.    .0     .00    .00  19.00
  91   921129010100.   10.   90.   .011  29.49      6.   73.   .010  29.49      3.    0.    .0     .00    .00  19.00
  92   921129015200.    9.   84.   .011  29.41      6.   74.   .009  29.41      3.    0.    .0     .00    .00  19.00
  93   921129024400.    6.   69.   .006  29.41      3.   55.   .005  29.41      2.    0.    .0     .00    .00  19.00
  94   921129033500.    5.   77.   .008  29.37      2.   64.   .007  29.37      2.    0.    .0     .00    .00  19.00
  95   921129042600.    4.   83.   .009  29.23      1.   67.   .008  29.23      2.    0.    .0     .00    .00  19.00
  96   921129051800.    3.   70.   .007  29.23      1.   59.   .006  29.23      2.    0.    .0     .00    .00  19.00
  97   921129060900.    4.   54.   .005  29.32      3.   50.   .004  29.32      2.    0.    .0     .00    .00  19.00
  98   921129070100.   17.  112.   .021  29.26     14.  102.   .020  29.26      5.   32.   6.5     .00    .00  19.00
  99   921129075200.   13.   75.   .009  29.46     14.   80.   .008  29.46      4.   41.   6.6     .00    .00  19.00
 100   921129091700.    7.   76.   .008  29.34      7.   76.   .008  29.34      3.    0.    .0     .00    .00  19.00
 101   921129100800.    6.   93.   .018  29.33      6.   93.   .017  29.33      4.    0.    .0     .00    .00  19.00
 102   921129110000.    3.   74.   .014  29.23      4.   77.   .014  29.23      3.    0.    .0     .00    .00  19.00
 103   921129115500.    2.   60.   .009  29.23      3.   65.   .009  29.23      2.    0.    .0     .00    .00  19.00
 104   921129124700.    2.   60.   .010  29.18      4.   66.   .010  29.18      2.    0.    .0     .00    .00  19.00
 105   921129133800.    3.   54.   .007  29.40      4.   61.   .007  29.40      2.    0.    .0     .00    .00  19.00
 106   921129142900.    3.   57.   .007  29.40      4.   61.   .007  29.40      2.    0.    .0     .00    .00  19.00
 107   921129153100.    4.   66.   .009  29.63      6.   72.   .009  29.63      3.    0.    .0     .00    .00  19.00
 108   921129163800.    5.   79.   .013  29.57      6.   86.   .013  29.57      3.    0.    .0     .00    .00  19.00
 109   921129173000.    5.   84.   .016  29.49      7.   91.   .016  29.49      4.    0.    .0     .00    .00  19.00
 110   921129182100.    4.   77.   .014  29.42      6.   85.   .013  29.42      3.    0.    .0     .00    .00  19.00
 111   921129191300.    3.   71.   .012  29.42      6.   81.   .012  29.42      3.    0.    .0     .00    .00  19.00
 112   921129200400.    5.   78.   .014  29.35      7.   85.   .014  29.35      3.    0.    .0     .00    .00  19.00
 113   921129205500.    3.   73.   .012  29.35      5.   80.   .012  29.35      3.    0.    .0     .00    .00  19.00
 114   921129214700.    4.   67.   .009  29.35      5.   70.   .009  29.35      3.    0.    .0     .00    .00  19.00
 115   921129223800.    5.   71.   .009  29.37      5.   70.   .009  29.37      3.    0.    .0     .00    .00  19.00
 116   921129233000.    7.   77.   .009  29.31      5.   70.   .009  29.31      3.    0.    .0     .00    .00  19.00
