% Output from Fortran program  bulk_v25b.f, with cool-skin turned ON and warm-layer 
% turned OFF, and using input file test2_5b.dat with COARE data
% index     xtime       hsb   hlb    tub    ts     HF     EF     TAU    T0    Webb  RainF rain dt_cool dt_warm tk_pwp
   1   921125132100.    6.  111.   .030  29.15      7.  116.   .029  28.86      4.    0.    .0     .29    .00  19.00
   2   921125141200.    5.   96.   .023  29.15      6.  100.   .022  28.86      4.    0.    .0     .29    .00  19.00
   3   921125150300.    5.   98.   .024  29.15      6.  102.   .024  28.85      4.    0.    .0     .30    .00  19.00
   4   921125155500.    5.  110.   .029  29.15      6.  114.   .029  28.83      4.    0.    .0     .31    .00  19.00
   5   921125164600.    4.   92.   .019  29.16      5.   96.   .018  28.83      3.    0.    .0     .33    .00  19.00
   6   921125173800.    9.  123.   .036  29.16     10.  128.   .035  28.85      5.    0.    .0     .31    .00  19.00
   7   921125182900.    4.   61.   .009  29.16      5.   64.   .009  28.85      3.    0.    .0     .31    .00  19.00
   8   921125192000.    4.   89.   .019  29.15      4.   92.   .019  28.86      3.    0.    .0     .28    .00  19.00
   9   921125201200.    4.  113.   .030  29.14      5.  117.   .030  28.89      4.    0.    .0     .25    .00  19.00
  10   921125210500.    5.   84.   .021  29.13      5.   87.   .020  28.91      3.    0.    .0     .21    .00  19.00
  11   921125221900.    5.  113.   .028  29.14      6.  114.   .028  28.93      4.    0.    .0     .21    .00  19.00
  12   921125232700.    6.  124.   .036  29.14      6.  122.   .035  28.97      4.    0.    .0     .17    .00  19.00
  13   921126001900.    6.  106.   .026  29.20      5.  104.   .025  29.05      4.    0.    .0     .15    .00  19.00
  14   921126011000.    5.   90.   .022  29.27      5.   90.   .021  29.15      3.    0.    .0     .12    .00  19.00
  15   921126022200.    4.  123.   .030  29.26      3.  115.   .030  29.10      4.    0.    .0     .16    .00  19.00
  16   921126031300.    5.  119.   .030  29.42      5.  117.   .030  29.23      4.    0.    .0     .19    .00  19.00
  17   921126041600.    4.  104.   .025  29.59      4.  104.   .024  29.38      4.    0.    .0     .21    .00  19.00
  18   921126050700.    3.   94.   .025  29.59      4.   97.   .025  29.36      4.    0.    .0     .22    .00  19.00
  19   921126055900.    2.   90.   .024  29.50      4.   95.   .025  29.24      3.    0.    .0     .26    .00  19.00
  20   921126065500.    2.   96.   .022  29.37      2.   98.   .022  29.06      3.    0.    .0     .32    .00  19.00
  21   921126074700.    1.   93.   .020  29.37      2.   98.   .020  29.04      3.    0.    .0     .33    .00  19.00
  22   921126083800.    1.   78.   .014  29.35      2.   79.   .013  29.01      3.    0.    .0     .34    .00  19.00
  23   921126093000.    1.   56.   .007  29.39      1.   58.   .007  29.08      2.    0.    .0     .31    .00  19.00
  24   921126102100.    1.   50.   .006  29.45      1.   53.   .005  29.11      2.    0.    .0     .34    .00  19.00
  25   921126111200.    1.   51.   .006  29.42      2.   53.   .005  29.10      2.    0.    .0     .31    .00  19.00
  26   921126120800.    1.   60.   .009  29.42      2.   64.   .009  29.09      2.    0.    .0     .33    .00  19.00
  27   921126130000.    2.   71.   .012  29.35      2.   72.   .012  29.01      2.    0.    .0     .34    .00  19.00
  28   921126145300.    3.   58.   .011  29.41      4.   62.   .010  29.08      2.    0.    .0     .33    .00  19.00
  29   921126154500.    4.   65.   .012  29.31      4.   67.   .012  28.98      3.    0.    .0     .33    .00  19.00
  30   921126163600.    4.   68.   .013  29.29      4.   70.   .013  28.97      3.    0.    .0     .32    .00  19.00
  31   921126172700.    2.   57.   .009  29.27      3.   60.   .009  28.95      2.    0.    .0     .33    .00  19.00
  32   921126181900.    2.   47.   .006  29.26      2.   50.   .006  28.92      2.    0.    .0     .34    .00  19.00
  33   921126191000.    2.   36.   .003  29.27      2.   37.   .002  28.94      1.    0.    .0     .33    .00  19.00
  34   921126200100.    1.   30.   .002  29.27      2.   31.   .001  28.99      1.    0.    .0     .28    .00  19.00
  35   921126213400.    2.   31.   .002  29.29      2.   32.   .001  29.08      1.    0.    .0     .22    .00  19.00
  36   921126222600.    5.   55.   .007  29.38      6.   57.   .007  29.14      3.    0.    .0     .23    .00  19.00
  37   921126231700.   39.  182.   .093  29.31     40.  187.   .093  29.06     12.   26.   4.8     .25    .00  19.00
  38   921127000900.   30.  175.   .064  29.33     30.  176.   .063  29.07      9.    0.    .0     .25    .00  19.00
  39   921127010000.   19.  160.   .048  29.33     19.  161.   .047  29.06      7.    0.    .0     .27    .00  19.00
  40   921127015100.   14.  129.   .032  29.33     14.  130.   .032  29.07      6.    0.    .0     .26    .00  19.00
  41   921127024300.   12.  118.   .029  29.36     13.  123.   .028  29.10      5.    0.    .0     .26    .00  19.00
  42   921127033400.   15.  129.   .037  29.25     16.  131.   .037  28.98      6.    0.    .0     .26    .00  19.00
  43   921127042500.   35.  161.   .070  29.23     36.  166.   .070  28.95     10.   50.   9.4     .27    .00  19.00
  44   921127051700.   32.  154.   .048  29.23     33.  158.   .047  28.91      9.    9.   1.6     .31    .00  19.00
  45   921127060800.   54.  227.   .154  29.24     56.  234.   .154  28.97     15.    9.   1.5     .26    .00  19.00
  46   921127070000.   29.  137.   .040  29.22     31.  141.   .039  28.89      8.    0.    .0     .33    .00  19.00
  47   921127075100.   16.  121.   .027  29.22     17.  124.   .026  28.86      6.    0.    .0     .36    .00  19.00
  48   921127084200.   10.  112.   .020  29.16     11.  113.   .019  28.79      4.    0.    .0     .37    .00  19.00
  49   921127093400.    7.  102.   .016  29.15      7.  103.   .015  28.78      4.    0.    .0     .38    .00  19.00
  50   921127102500.    6.  113.   .021  29.14      6.  116.   .021  28.77      4.    0.    .0     .37    .00  19.00
  51   921127113200.    7.  132.   .034  29.14      8.  136.   .033  28.81      5.    0.    .0     .33    .00  19.00
  52   921127122600.    8.  147.   .048  29.12      9.  152.   .047  28.81      6.    0.    .0     .31    .00  19.00
  53   921127134800.    7.  105.   .033  29.11      8.  109.   .032  28.80      4.    0.    .0     .31    .00  19.00
  54   921127143900.    7.  110.   .036  29.10      8.  113.   .036  28.81      5.    0.    .0     .30    .00  19.00
  55   921127160400.    7.  126.   .039  29.13      8.  130.   .039  28.82      5.    0.    .0     .30    .00  19.00
  56   921127170000.    5.  102.   .026  29.14      6.  106.   .025  28.83      4.    0.    .0     .31    .00  19.00
  57   921127175200.    4.   89.   .020  29.12      5.   92.   .019  28.80      3.    0.    .0     .32    .00  19.00
  58   921127184300.    4.   75.   .013  29.12      4.   77.   .013  28.78      3.    0.    .0     .35    .00  19.00
  59   921127193500.    3.   69.   .012  29.12      3.   72.   .012  28.81      3.    0.    .0     .32    .00  19.00
  60   921127202600.    2.   54.   .007  29.12      3.   56.   .007  28.86      2.    0.    .0     .26    .00  19.00
  61   921127211700.    3.   54.   .006  29.12      3.   54.   .006  28.91      2.    0.    .0     .21    .00  19.00
  62   921127220900.    3.   52.   .005  29.13      3.   51.   .004  29.01      2.    0.    .0     .13    .00  19.00
  63   921127230000.    5.   53.   .004  29.14      4.   49.   .004  29.14      2.    0.    .0     .00    .00  19.00
  64   921127235200.    7.   56.   .003  29.16      4.   44.   .003  29.16      2.    0.    .0     .00    .00  19.00
  65   921128004300.    8.   63.   .003  29.14      4.   44.   .003  29.14      2.    0.    .0     .00    .00  19.00
  66   921128022100.    9.   74.   .005  29.17      4.   50.   .004  29.17      2.    0.    .0     .00    .00  19.00
  67   921128042600.    6.   66.   .004  29.27      2.   43.   .003  29.20      1.    0.    .0     .07    .00  19.00
  68   921128043600.    5.   69.   .004  29.47      1.   47.   .003  29.28      1.    0.    .0     .18    .00  19.00
  69   921128052800.    3.   51.   .002  29.23      0.   33.   .001  29.01      1.    0.    .0     .22    .00  19.00
  70   921128061900.    2.   44.   .002  29.44      0.   31.   .001  29.15      1.    0.    .0     .29    .00  19.00
  71   921128075200.    2.   50.   .003  29.27      0.   38.   .003  28.95      1.    0.    .0     .32    .00  19.00
  72   921128084300.    2.   45.   .003  29.30      0.   35.   .002  28.98      1.    0.    .0     .32    .00  19.00
  73   921128093500.    4.   71.   .010  29.30      2.   62.   .009  28.98      2.    0.    .0     .33    .00  19.00
  74   921128102600.    2.   56.   .005  29.35      1.   54.   .005  29.02      2.    0.    .0     .33    .00  19.00
  75   921128111800.    1.   42.   .002  29.24      0.   38.   .002  28.92      1.    0.    .0     .32    .00  19.00
  76   921128120900.    3.   61.   .011  29.30      3.   61.   .011  28.99      2.    0.    .0     .32    .00  19.00
  77   921128130100.    3.   56.   .008  29.56      4.   57.   .007  29.21      2.    0.    .0     .35    .00  19.00
  78   921128135200.    2.   47.   .004  29.56      3.   49.   .004  29.19      2.    0.    .0     .37    .00  19.00
  79   921128144400.    2.   44.   .004  29.29      2.   43.   .003  28.93      2.    0.    .0     .35    .00  19.00
  80   921128153500.    2.   52.   .006  29.26      2.   53.   .006  28.91      2.    0.    .0     .36    .00  19.00
  81   921128162600.    2.   57.   .007  29.26      3.   60.   .007  28.91      2.    0.    .0     .36    .00  19.00
  82   921128171800.    2.   56.   .008  29.19      2.   58.   .008  28.85      2.    0.    .0     .35    .00  19.00
  83   921128180900.    2.   48.   .006  29.13      2.   50.   .006  28.79      2.    0.    .0     .34    .00  19.00
  84   921128190100.    2.   58.   .008  29.18      2.   59.   .008  28.84      2.    0.    .0     .35    .00  19.00
  85   921128195200.    2.   55.   .007  29.17      2.   56.   .007  28.85      2.    0.    .0     .32    .00  19.00
  86   921128204400.    2.   49.   .005  29.17      2.   49.   .004  28.86      2.    0.    .0     .31    .00  19.00
  87   921128213500.    3.   59.   .006  29.40      3.   59.   .006  29.17      2.    0.    .0     .23    .00  19.00
  88   921128222600.    6.   46.   .003  29.52      5.   45.   .003  29.44      2.    0.    .0     .08    .00  19.00
  89   921128231800.    6.   48.   .003  29.52      5.   44.   .003  29.52      2.    0.    .0     .00    .00  19.00
  90   921129000900.    7.   47.   .002  29.58      5.   36.   .001  29.58      2.    0.    .0     .00    .00  19.00
  91   921129010100.   10.   90.   .011  29.49      6.   70.   .010  29.37      3.    0.    .0     .12    .00  19.00
  92   921129015200.    9.   84.   .011  29.41      6.   72.   .009  29.30      3.    0.    .0     .10    .00  19.00
  93   921129024400.    6.   69.   .006  29.41      3.   53.   .005  29.29      2.    0.    .0     .12    .00  19.00
  94   921129033500.    5.   77.   .008  29.37      2.   62.   .007  29.26      2.    0.    .0     .11    .00  19.00
  95   921129042600.    4.   83.   .009  29.23      0.   64.   .008  29.05      2.    0.    .0     .18    .00  19.00
  96   921129051800.    3.   70.   .007  29.23      0.   55.   .006  29.00      2.    0.    .0     .23    .00  19.00
  97   921129060900.    4.   54.   .005  29.32      2.   46.   .004  29.08      2.    0.    .0     .24    .00  19.00
  98   921129070100.   17.  112.   .021  29.26     12.   95.   .019  28.98      5.   32.   6.5     .28    .00  19.00
  99   921129075200.   13.   75.   .009  29.46     13.   75.   .008  29.13      4.   41.   6.6     .33    .00  19.00
 100   921129091700.    7.   76.   .008  29.34      5.   69.   .008  28.97      3.    0.    .0     .37    .00  19.00
 101   921129100800.    6.   93.   .018  29.33      4.   85.   .017  29.00      3.    0.    .0     .33    .00  19.00
 102   921129110000.    3.   74.   .014  29.23      3.   71.   .013  28.91      2.    0.    .0     .32    .00  19.00
 103   921129115500.    2.   60.   .009  29.23      2.   59.   .009  28.90      2.    0.    .0     .33    .00  19.00
 104   921129124700.    2.   60.   .010  29.18      2.   60.   .009  28.85      2.    0.    .0     .33    .00  19.00
 105   921129133800.    3.   54.   .007  29.40      3.   56.   .007  29.05      2.    0.    .0     .36    .00  19.00
 106   921129142900.    3.   57.   .007  29.40      3.   56.   .007  29.04      2.    0.    .0     .36    .00  19.00
 107   921129153100.    4.   66.   .009  29.63      4.   65.   .008  29.26      3.    0.    .0     .36    .00  19.00
 108   921129163800.    5.   79.   .013  29.57      5.   79.   .012  29.22      3.    0.    .0     .35    .00  19.00
 109   921129173000.    5.   84.   .016  29.49      6.   84.   .016  29.16      3.    0.    .0     .33    .00  19.00
 110   921129182100.    4.   77.   .014  29.42      4.   78.   .013  29.09      3.    0.    .0     .33    .00  19.00
 111   921129191300.    3.   71.   .012  29.42      4.   74.   .012  29.10      3.    0.    .0     .32    .00  19.00
 112   921129200400.    5.   78.   .014  29.35      5.   79.   .014  29.08      3.    0.    .0     .27    .00  19.00
 113   921129205500.    3.   73.   .012  29.35      4.   74.   .012  29.08      3.    0.    .0     .27    .00  19.00
 114   921129214700.    4.   67.   .009  29.35      4.   66.   .008  29.15      2.    0.    .0     .20    .00  19.00
 115   921129223800.    5.   71.   .009  29.37      4.   68.   .009  29.23      3.    0.    .0     .14    .00  19.00
 116   921129233000.    7.   77.   .009  29.31      5.   69.   .009  29.22      3.    0.    .0     .09    .00  19.00
